iteration  masking_time    SGM_time CWM_time Non_target_time before_G3_time    G3_time Total_time
0 0.0078051090240478516 1.288330078125  0.15114450454711914  0.006363391876220703  0.09367704391479492  0.030353546142578125  1.8220574855804443
1 0.005239248275756836 0.036446332931518555  0.005483150482177734  0.002857685089111328  0.02182936668395996  0.01050424575805664  0.22048616409301758
2 0.0025167465209960938 0.03093743324279785  0.005041599273681641  0.0028514862060546875  0.0183866024017334  0.007949590682983398  0.19611024856567383
3 0.002730131149291992 0.032507896423339844  0.005036115646362305  0.0026721954345703125  0.018399715423583984  0.008088111877441406  0.20818591117858887
4 0.002807140350341797 0.03170490264892578  0.004914760589599609  0.002794504165649414  0.018728256225585938  0.008059263229370117  0.20534467697143555
5 0.0028564929962158203 0.03185081481933594  0.004973173141479492  0.002833127975463867  0.01859879493713379  0.008021354675292969  0.18519854545593262
6 0.0029883384704589844 0.031697750091552734  0.005558967590332031  0.003029346466064453  0.019523143768310547  0.009147167205810547  0.21191644668579102
7 0.0024776458740234375 0.03566598892211914  0.0055124759674072266  0.0031316280364990234  0.022391319274902344  0.009088277816772461  0.20360684394836426
8 0.0030438899993896484 0.03374743461608887  0.0070650577545166016  0.002811908721923828  0.020791053771972656  0.008090734481811523  0.20579314231872559
9 0.0029761791229248047 0.04218721389770508  0.007004499435424805  0.002890348434448242  0.0208892822265625  0.008075714111328125  0.21752262115478516
10 0.002468585968017578 0.034081459045410156  0.007012844085693359  0.0027179718017578125  0.026052236557006836  0.008192300796508789  0.21243786811828613
